0 0.5901442307692307 0.890625 0.038461538461538464 0.17067307692307693
0 0.6634615384615384 0.8954326923076923 0.08653846153846154 0.1201923076923077
0 0.6021634615384616 0.6298076923076923 0.03365384615384615 0.17307692307692307
0 0.6021634615384616 0.38461538461538464 0.052884615384615384 0.16826923076923078
0 0.6742788461538461 0.390625 0.07692307692307693 0.12259615384615384
0 0.5925480769230769 0.1346153846153846 0.04807692307692308 0.18509615384615385
0 0.6586538461538461 0.13701923076923078 0.08173076923076923 0.125
0 0.8353365384615384 0.8870192307692307 0.05048076923076923 0.1778846153846154
0 0.9038461538461539 0.8858173076923077 0.08173076923076923 0.13942307692307693
0 0.9050480769230769 0.625 0.09134615384615384 0.125
0 0.8377403846153846 0.6237980769230769 0.04326923076923077 0.17548076923076922