0 0.4098557692307692 0.109375 0.038461538461538464 0.17067307692307693
0 0.33653846153846156 0.1045673076923077 0.08653846153846154 0.1201923076923077
0 0.39783653846153844 0.3701923076923077 0.03365384615384615 0.17307692307692307
0 0.39783653846153844 0.6153846153846154 0.052884615384615384 0.16826923076923078
0 0.32572115384615385 0.609375 0.07692307692307693 0.12259615384615384
0 0.4074519230769231 0.8653846153846154 0.04807692307692308 0.18509615384615385
0 0.34134615384615385 0.8629807692307693 0.08173076923076923 0.125
0 0.16466346153846154 0.11298076923076923 0.05048076923076923 0.1778846153846154
0 0.09615384615384616 0.1141826923076923 0.08173076923076923 0.13942307692307693
0 0.09495192307692307 0.375 0.09134615384615384 0.125
0 0.1622596153846154 0.3762019230769231 0.04326923076923077 0.1778846153846154